0 0
1 1
2 2
3 3
4 4
5 5
6 6
7 7
8 8
9 9
10 10
11 11
12 12
13 13
14 14
15 15
16 16
17 17
18 18
19 19
20 20
21 21
22 22
23 23
24 24
25 25
26 26
27 27
28 28
29 29
30 30
31 31
32 32
33 33
34 34
35 35
36 36
37 37
38 38
39 39
40 40
41 41
42 42
43 43
44 44
45 45
46 46
47 47
48 48
49 49
50 50
51 51
52 52
53 53
54 54
55 55
56 56
57 57
58 58
59 59
60 60
61 61
62 62
63 63
64 64
65 65
66 66
67 67
68 68
69 69
70 70
71 71
72 72
73 73
74 74
75 75
76 76
77 77
78 78
79 79
80 80
81 81
82 82
83 83
84 84
85 85
86 86
87 87
88 88
89 89
90 90
91 91
92 92
93 93
94 94
95 95
96 96
97 97
98 98
99 99
100 100
101 101
102 102
103 103
104 104
105 105
106 106
107 107
108 108
109 109
110 110
111 111
112 112
113 113
114 114
115 115
116 116
117 117
118 118
119 119
120 120
121 121
122 122
123 123
124 124
125 125
126 126
127 127
128 128
129 129
130 130
131 131
132 132
133 133
134 134
135 135
136 136
137 137
138 138
139 139
140 140
141 141
142 142
143 143
144 144
145 145
146 146
147 147
148 148
149 149
150 150
151 151
152 152
153 153
154 154
155 155
156 156
157 157
158 158
159 159
160 160
161 161
162 162
163 163
164 164
165 165
166 166
167 167
168 168
169 169
170 170
171 171
172 172
173 173
174 174
175 175
176 176
177 177
178 178
179 179
180 180
181 181
182 182
183 183
184 184
185 185
186 186
187 187
188 188
189 189
190 190
191 191
192 192
193 193
194 194
195 195
196 196
197 197
198 198
199 199
200 200
201 201
202 202
203 203
204 204
205 205
206 206
207 207
208 208
209 209
210 210
211 211
212 212
213 213
214 214
215 215
216 216
217 217
218 218
219 219
220 220
221 221
222 222
223 223
224 224
225 225
226 226
227 227
228 228
229 229
230 230
231 231
232 232
233 233
234 234
235 235
236 236
237 237
238 238
239 239
240 240
241 241
242 242
243 243
244 244
245 245
246 246
247 247
248 248
249 249
250 250
251 251
252 252
253 253
254 254
255 255
256 256
257 257
258 258
259 259
260 260
261 261
262 262
263 263
264 264
265 265
266 266
267 267
268 268
269 269
270 270
271 271
272 272
273 273
274 274
275 275
276 276
277 277
278 278
279 279
280 280
281 281
282 282
283 283
284 284
285 285
286 286
287 287
288 288
289 289
290 290
291 291
292 292
293 293
294 294
295 295
296 296
297 297
298 298
299 299
300 300
301 301
302 302
303 303
304 304
305 305
306 306
307 307
308 308
309 309
310 310
311 311
312 312
313 313
314 314
315 315
316 316
317 317
318 318
319 319
320 320
321 321
322 322
323 323
324 324
325 325
326 326
327 327
328 328
329 329
330 330
331 331
332 332
333 333
334 334
335 335
336 336
337 337
338 338
339 339
340 340
341 341
342 342
343 343
344 344
345 345
346 346
347 347
348 348
349 349
350 350
351 351
352 352
353 353
354 354
355 355
356 356
357 357
358 358
359 359
360 360
361 361
362 362
363 363
364 364
365 365
366 366
367 367
368 368
369 369
370 370
371 371
372 372
373 373
374 374
375 375
376 376
377 377
378 378
379 379
380 380
381 381
382 382
383 383
384 384
385 385
386 386
387 387
388 388
389 389
390 390
391 391
392 392
393 393
394 394
395 395
396 396
397 397
398 398
399 399
400 400
401 401
402 402
403 403
404 404
405 405
406 406
407 407
408 408
409 409
410 410
411 411
412 412
413 413
414 414
415 415
416 416
417 417
418 418
419 419
420 420
421 421
422 422
423 423
424 424
425 425
426 426
427 427
428 428
429 429
430 430
431 431
432 432
433 433
434 434
435 435
436 436
437 437
438 438
439 439
440 440
441 441
442 442
443 443
444 444
445 445
446 446
447 447
448 448
449 449
450 450
451 451
452 452
453 453
454 454
455 455
456 456
457 457
458 458
459 459
460 460
461 461
462 462
463 463
464 464
465 465
466 466
467 467
468 468
469 469
470 470
471 471
472 472
473 473
474 474
475 475
476 476
477 477
478 478
479 479
480 480
481 481
482 482
483 483
484 484
485 485
486 486
487 487
488 488
489 489
490 490
491 491
492 492
493 493
494 494
495 495
496 496
497 497
498 498
499 499
500 500
501 501
502 502
503 503
504 504
505 505
506 506
507 507
508 508
509 509
510 510
511 511
512 512
513 513
514 514
515 515
516 516
517 517
518 518
519 519
520 520
521 521
522 522
523 523
524 524
525 525
526 526
527 527
528 528
529 529
530 530
531 531
532 532
533 533
534 534
535 535
536 536
537 537
538 538
539 539
540 540
541 541
542 542
543 543
544 544
545 545
546 546
547 547
548 548
549 549
550 550
551 551
552 552
553 553
554 554
555 555
556 556
557 557
558 558
559 559
560 560
561 561
562 562
563 563
564 564
565 565
566 566
567 567
568 568
569 569
570 570
571 571
572 572
573 573
574 574
575 575
576 576
577 577
578 578
579 579
580 580
581 581
582 582
583 583
584 584
585 585
586 586
587 587
587 588
588 589
589 590
590 591
591 592
592 593
593 594
594 595
595 596
596 597
597 598
598 599
599 600
600 601
601 602
602 603
603 604
604 605
604 606
605 607
606 608
607 609
608 610
609 611
610 612
611 613
612 614
612 615
613 616
614 617
615 618
616 619
617 620
618 621
619 622
620 623
621 624
622 625
623 626
624 627
625 628
626 629
627 630
628 631
629 632
630 633
631 634
632 635
633 636
634 637
635 638
636 639
637 640
638 641
639 642
640 643
641 644
642 645
643 646
644 647
645 648
646 649
647 650
648 651
649 652
650 653
651 654
652 655
653 656
654 657
655 658
656 659
657 660
658 661
659 662
660 663
661 664
662 665
663 666
664 667
665 668
666 669
667 670
668 671
669 672
670 673
671 674
672 675
673 676
674 677
675 678
676 679
677 680
678 681
679 682
680 683
681 684
682 685
683 686
683 687
684 688
685 689
686 690
687 691
688 692
689 693
690 694
691 695
692 696
693 697
694 698
695 699
696 700
697 701
698 702
699 703
700 704
701 705
702 706
703 707
704 708
705 709
706 710
707 711
708 712
709 713
710 714
711 715
712 716
713 717
714 718
715 719
716 720
717 721
718 722
718 723
719 724
719 725
720 726
720 727
721 728
722 729
723 730
724 731
725 732
726 733
727 734
728 735
729 736
730 737
731 738
732 739
733 740
734 741
735 742
735 743
736 744
737 745
738 746
739 747
740 748
741 749
742 750
743 751
744 752
745 753
746 754
747 755
748 756
749 757
750 758
751 759
752 760
753 761
754 762
755 763
756 764
757 765
758 766
759 767
760 768
761 769
762 770
763 771
764 772
765 773
766 774
767 775
768 776
769 777
770 778
771 779
772 780
773 781
774 782
775 783
776 784
777 785
778 786
779 787
780 788
781 789
782 790
783 791
784 792
785 793
786 794
787 795
788 796
789 797
790 798
791 799
792 800
793 801
794 802
795 803
796 804
797 805
798 806
799 807
800 808
801 809
802 810
802 811
803 812
804 813
805 814
806 815
807 816
808 817
809 818
810 819
811 820
812 821
813 822
814 823
815 824
816 825
817 826
818 827
819 828
820 829
821 830
822 831
823 832
824 833
825 834
826 835
827 836
828 837
829 838
830 839
831 840
832 841
833 842
834 843
835 844
836 845
837 846
838 847
839 848
840 849
841 850
842 851
843 852
844 853
845 854
846 855
847 856
848 857
849 858
850 859
851 860
852 861
853 862
854 863
855 864
856 865
857 866
858 867
859 868
860 869
861 870
862 871
862 872
863 873
863 874
864 875
865 876
866 877
867 878
868 879
869 880
870 881
871 882
872 883
873 884
874 885
875 886
876 887
877 888
878 889
879 890
880 891
881 892
882 893
883 894
884 895
885 896
886 897
887 898
888 899
889 900
890 901
891 902
892 903
893 904
894 905
895 906
896 907
897 908
898 909
899 910
900 911
901 912
902 913
903 914
904 915
905 916
906 917
907 918
908 919
909 920
910 921
911 922
912 923
913 924
914 925
915 926
916 927
917 928
918 929
919 930
920 931
921 932
922 933
923 934
924 935
925 936
926 937
927 938
928 939
929 940
930 941
931 942
932 943
933 944
934 945
935 946
936 947
937 948
938 949
939 950
940 951
941 952
942 953
943 954
944 955
945 956
946 957
947 958
948 959
949 960
950 961
951 962
952 963
953 964
954 965
955 966
956 967
957 968
958 969
959 970
960 971
961 972
962 973
963 974
964 975
964 976
965 977
965 978
966 979
967 980
968 981
969 982
970 983
971 984
971 985
972 986
973 987
974 988
975 989
976 990
977 991
978 992
979 993
980 994
981 995
982 996
983 997
984 998
985 999
986 1000
987 1001
988 1002
989 1003
990 1004
991 1005
992 1006
993 1007
994 1008
995 1009
996 1010
997 1011
998 1012
999 1013
1000 1014
1001 1015
1002 1016
1003 1017
1004 1018
1005 1019
1006 1020
1007 1021
1008 1022
1009 1023
1010 1024
1011 1025
1012 1026
1013 1027
1014 1028
1015 1029
1016 1030
1017 1031
1018 1032
1019 1033
1020 1034
1021 1035
1022 1036
1023 1037
1024 1038
1025 1039
1026 1040
1027 1041
1027 1042
1028 1043
1028 1044
1029 1045
1030 1046
1031 1047
1032 1048
1033 1049
1034 1050
1035 1051
1036 1052
1037 1053
1038 1054
1039 1055
1040 1056
1041 1057
1042 1058
1043 1059
1044 1060
1045 1061
1046 1062
1047 1063
1048 1064
1049 1065
1050 1066
1051 1067
1052 1068
1053 1069
1054 1070
1055 1071
1056 1072
1057 1073
1058 1074
1059 1075
1060 1076
1061 1077
1062 1078
1063 1079
1064 1080
1065 1081
1066 1082
1067 1083
1068 1084
1069 1085
1070 1086
1071 1087
1072 1088
1073 1089
1074 1090
1075 1091
1076 1092
1077 1093
1078 1094
1079 1095
1080 1096
1081 1097
1082 1098
1083 1099
1084 1100
1085 1101
1086 1102
1087 1103
1088 1104
1089 1105
1090 1106
1091 1107
1092 1108
1093 1109
1094 1110
1095 1111
1096 1112
1097 1113
1098 1114
1099 1115
1100 1116
1101 1117
1102 1118
1103 1119
1104 1120
1105 1121
1106 1122
1107 1123
1108 1124
1109 1125
1110 1126
1111 1127
1112 1128
1113 1129
1114 1130
1115 1131
1116 1132
1117 1133
1118 1134
1119 1135
1120 1136
1121 1137
1122 1138
1123 1139
1124 1140
1125 1141
1126 1142
1127 1143
1128 1144
1129 1145
1129 1146
1130 1147
1131 1148
1132 1149
1133 1150
1134 1151
1135 1152
1136 1153
1137 1154
1138 1155
1139 1156
1139 1157
1140 1158
1140 1159
1141 1160
1142 1161
1143 1162
1143 1163
1144 1164
1145 1165
1146 1166
1147 1167
1148 1168
1149 1169
1150 1170
1151 1171
1152 1172
1153 1173
1154 1174
1155 1175
1156 1176
1157 1177
1158 1178
1159 1179
1160 1180
1161 1181
1162 1182
1163 1183
1164 1184
1165 1185
1166 1186
1167 1187
1168 1188
1169 1189
1170 1190
1171 1191
1172 1192
1173 1193
1174 1194
1175 1195
1176 1196
1177 1197
1178 1198
1179 1199
1180 1200
1181 1201
1182 1202
1183 1203
1184 1204
1185 1205
1186 1206
1187 1207
1188 1208
1189 1209
1190 1210
1191 1211
1192 1212
1193 1213
1194 1214
1195 1215
1196 1216
1197 1217
1198 1218
1199 1219
1200 1220
1201 1221
1201 1222
1202 1223
1202 1224
1203 1225
1204 1226
1205 1227
1206 1228
1207 1229
1208 1230
1209 1231
1210 1232
1211 1233
1212 1234
1213 1235
1214 1236
1215 1237
1215 1238
1216 1239
1217 1240
1218 1241
1219 1242
1220 1243
1221 1244
1222 1245
1223 1246
1224 1247
1225 1248
1226 1249
1227 1250
1228 1251
1229 1252
1230 1253
1231 1254
1232 1255
1233 1256
1234 1257
1235 1258
1236 1259
1237 1260
1238 1261
1239 1262
1240 1263
1241 1264
1242 1265
1243 1266
1244 1267
1245 1268
1246 1269
1247 1270
1248 1271
1249 1272
1250 1273
1251 1274
1252 1275
1253 1276
1254 1277
1255 1278
1256 1279
1257 1280
1258 1281
1259 1282
1260 1283
1261 1284
1262 1285
1263 1286
1264 1287
1265 1288
1266 1289
1267 1290
1268 1291
1269 1292
1270 1293
1271 1294
1272 1295
1273 1296
1274 1297
1275 1298
1276 1299
1277 1300
1278 1301
1279 1302
1280 1303
1281 1304
1282 1305
1283 1306
1284 1307
1285 1308
1285 1309
1286 1310
1287 1311
1288 1312
1289 1313
1290 1314
1291 1315
1292 1316
1293 1317
1294 1318
1295 1319
1296 1320
1297 1321
1298 1322
1299 1323
1300 1324
1301 1325
1302 1326
1303 1327
1304 1328
1305 1329
1306 1330
1307 1331
1308 1332
1309 1333
1310 1334
1311 1335
1312 1336
1313 1337
1314 1338
1315 1339
1316 1340
1317 1341
1318 1342
1319 1343
1320 1344
1321 1345
1322 1346
1323 1347
1324 1348
1325 1349
1326 1350
1327 1351
1328 1352
1329 1353
1330 1354
1331 1355
1332 1356
1333 1357
1334 1358
1335 1359
1335 1360
1336 1361
1337 1362
1338 1363
1339 1364
1340 1365
1340 1366
1341 1367
1342 1368
1343 1369
1344 1370
1345 1371
1346 1372
1347 1373
1348 1374
1349 1375
1350 1376
1351 1377
1352 1378
1353 1379
1354 1380
1355 1381
1356 1382
1357 1383
1358 1384
1359 1385
1360 1386
1361 1387
1362 1388
1363 1389
1364 1390
1365 1391
1366 1392
1367 1393
1368 1394
1369 1395
1370 1396
1371 1397
1372 1398
1373 1399
1374 1400
1375 1401
1376 1402
1377 1403
1378 1404
1379 1405
1380 1406
1381 1407
1382 1408
1383 1409
1384 1410
1385 1411
1386 1412
1387 1413
1388 1414
1389 1415
1390 1416
1391 1417
1392 1418
1393 1419
1394 1420
1395 1421
1396 1422
1397 1423
1398 1424
1399 1425
1400 1426
1401 1427
1402 1428
1403 1429
1404 1430
1405 1431
1406 1432
1407 1433
1408 1434
1409 1435
1410 1436
1411 1437
1412 1438
1413 1439
1414 1440
1415 1441
1416 1442
1417 1443
1418 1444
1419 1445
1420 1446
1421 1447
1422 1448
1423 1449
1424 1450
1425 1451
1426 1452
1427 1453
1428 1454
1429 1455
1430 1456
1431 1457
1432 1458
1433 1459
1434 1460
1435 1461
1436 1462
1437 1463
1438 1464
1439 1465
1440 1466
1441 1467
1442 1468
1443 1469
1444 1470
1445 1471
1446 1472
1447 1473
1448 1474
1449 1475
1450 1476
1451 1477
1452 1478
1453 1479
1454 1480
1455 1481
1456 1482
1457 1483
1458 1484
1459 1485
1460 1486
1461 1487
1462 1488
1463 1489
1464 1490
1465 1491
1466 1492
1467 1493
1468 1494
1469 1495
1470 1496
1471 1497
1472 1498
1473 1499
1474 1500
1475 1501
1476 1502
1477 1503
1478 1504
1479 1505
1480 1506
1481 1507
1482 1508
1483 1509
1484 1510
1485 1511
1486 1512
1487 1513
1488 1514
1489 1515
1490 1516
1491 1517
1492 1518
1493 1519
1494 1520
1495 1521
1496 1522
1497 1523
1498 1524
1499 1525
1500 1526
1501 1527
1502 1528
1503 1529
1504 1530
1505 1531
1505 1532
1506 1533
1507 1534
1507 1535
1508 1536
1509 1537
1509 1538
1510 1539
1510 1540
1511 1541
1512 1542
1513 1543
1514 1544
1515 1545
1516 1546
1517 1547
1518 1548
1519 1549
1520 1550
1521 1551
1522 1552
1523 1553
1524 1554
1525 1555
1526 1556
1527 1557
1528 1558
1529 1559
1530 1560
1531 1561
1532 1562
1533 1563
1534 1564
1535 1565
1536 1566
1537 1567
1538 1568
1539 1569
1540 1570
1541 1571
1542 1572
1543 1573
1544 1574
1545 1575
1546 1576
1547 1577
1548 1578
1549 1579
1550 1580
1551 1581
1552 1582
1553 1583
1554 1584
1555 1585
1556 1586
1557 1587
1558 1588
1559 1589
1560 1590
1561 1591
1562 1592
1563 1593
1564 1594
1565 1595
1566 1596
1567 1597
1568 1598
1569 1599
1570 1600
1570 1601
1571 1602
1571 1603
1572 1604
1573 1605
1574 1606
1575 1607
1576 1608
1577 1609
1578 1610
1579 1611
1580 1612
1581 1613
1582 1614
1583 1615
1584 1616
1585 1617
1586 1618
1587 1619
1588 1620
1589 1621
1590 1622
1591 1623
1592 1624
1593 1625
1594 1626
1595 1627
1596 1628
1597 1629
1598 1630
1599 1631
1600 1632
1601 1633
1602 1634
1603 1635
1604 1636
1605 1637
1606 1638
1607 1639
1608 1640
1609 1641
1610 1642
1611 1643
1612 1644
1613 1645
1614 1646
1615 1647
1616 1648
1617 1649
1618 1650
1619 1651
1620 1652
1621 1653
1622 1654
1623 1655
1624 1656
1625 1657
1626 1658
1627 1659
1628 1660
1629 1661
1630 1662
1631 1663
1632 1664
1633 1665
1634 1666
1634 1667
1635 1668
1636 1669
1637 1670
1638 1671
1639 1672
1640 1673
1641 1674
1642 1675
1643 1676
1644 1677
1645 1678
1646 1679
1647 1680
1648 1681
1649 1682
1650 1683
1651 1684
1652 1685
1653 1686
1654 1687
1655 1688
1656 1689
1657 1690
1658 1691
1659 1692
1660 1693
1661 1694
1662 1695
1663 1696
1664 1697
1665 1698
1666 1699
1667 1700
1668 1701
1669 1702
1670 1703
1671 1704
1672 1705
1673 1706
1674 1707
1675 1708
1676 1709
1677 1710
1678 1711
1679 1712
1680 1713
1681 1714
1682 1715
1683 1716
1684 1717
1685 1718
1686 1719
1687 1720
1688 1721
1689 1722
1690 1723
1691 1724
1692 1725
1693 1726
1694 1727
1695 1728
1696 1729
1697 1730
1698 1731
1699 1732
1700 1733
1701 1734
1702 1735
1703 1736
1704 1737
1705 1738
1706 1739
1707 1740
1708 1741
1709 1742
1710 1743
1711 1744
1712 1745
1713 1746
1714 1747
1715 1748
1716 1749
1717 1750
1718 1751
1719 1752
1720 1753
1721 1754
1722 1755
1723 1756
1724 1757
1725 1758
1726 1759
1727 1760
1728 1761
1729 1762
1730 1763
1731 1764
1732 1765
1733 1766
1734 1767
1735 1768
1736 1769
1737 1770
1738 1771
1739 1772
1740 1773
1741 1774
1742 1775
1743 1776
1744 1777
1745 1778
1746 1779
1747 1780
1748 1781
1749 1782
1750 1783
1751 1784
1752 1785
1753 1786
1754 1787
1755 1788
1756 1789
1757 1790
1758 1791
1759 1792
1760 1793
1761 1794
1762 1795
1763 1796
1764 1797
1765 1798
1766 1799
1767 1800
1768 1801
1769 1802
1770 1803
1771 1804
1772 1805
1773 1806
1774 1807
1775 1808
1776 1809
1777 1810
1778 1811
1779 1812
1780 1813
1781 1814
1782 1815
1783 1816
1784 1817
1785 1818
1786 1819
1787 1820
1788 1821
1789 1822
1790 1823
1791 1824
1792 1825
1793 1826
1794 1827
1795 1828
1796 1829
1797 1830
1798 1831
1799 1832
1800 1833
1801 1834
1802 1835
1803 1836
1804 1837
1805 1838
1806 1839
1807 1840
1808 1841
1809 1842
1810 1843
1811 1844
1812 1845
1813 1846
1814 1847
1815 1848
1816 1849
1817 1850
1818 1851
1819 1852
1820 1853
1821 1854
1822 1855
1823 1856
1824 1857
1825 1858
1826 1859
1827 1860
1828 1861
1829 1862
1830 1863
1831 1864
1832 1865
1833 1866
1834 1867
1835 1868
1836 1869
1837 1870
1838 1871
1839 1872
1840 1873
1841 1874
1842 1875
1843 1876
1844 1877
1845 1878
1846 1879
1847 1880
1848 1881
1849 1882
1850 1883
1851 1884
1852 1885
1853 1886
1854 1887
1855 1888
1856 1889
1857 1890
1858 1891
1859 1892
1860 1893
1861 1894
1862 1895
1863 1896
1864 1897
1865 1898
1866 1899
1867 1900
1868 1901
1869 1902
1870 1903
1871 1904
1872 1905
1873 1906
1874 1907
1875 1908
1876 1909
1877 1910
1878 1911
1879 1912
1880 1913
1881 1914
1882 1915
1883 1916
1884 1917
1885 1918
1886 1919
1887 1920
1888 1921
1889 1922
1890 1923
1891 1924
1892 1925
1893 1926
1894 1927
1895 1928
1896 1929
1897 1930
1898 1931
1899 1932
1900 1933
1901 1934
1902 1935
1903 1936
1904 1937
1905 1938
1906 1939
1907 1940
1908 1941
1909 1942
1910 1943
1911 1944
1912 1945
1913 1946
1914 1947
1915 1948
1916 1949
1917 1950
1918 1951
1919 1952
1920 1953
1921 1954
1922 1955
1923 1956
1924 1957
1925 1958
1926 1959
1927 1960
1928 1961
1929 1962
1930 1963
1931 1964
1932 1965
1933 1966
1934 1967
1935 1968
1936 1969
1937 1970
1938 1971
1939 1972
1940 1973
1941 1974
1942 1975
1943 1976
1944 1977
1945 1978
1946 1979
1947 1980
1948 1981
1949 1982
1950 1983
1951 1984
1952 1985
1953 1986
1954 1987
1955 1988
1956 1989
1957 1990
1958 1991
1959 1992
1960 1993
1961 1994
1962 1995
1963 1996
1964 1997
1965 1998
1966 1999
1967 2000
1968 2001
1969 2002
1970 2003
1971 2004
1972 2005
1973 2006
1974 2007
1975 2008
1976 2009
1977 2010
1978 2011
1979 2012
1980 2013
1981 2014
1982 2015
1983 2016
1984 2017
1985 2018
1986 2019
1987 2020
1988 2021
1989 2022
1990 2023
1991 2024
1992 2025
1993 2026
1994 2027
1995 2028
1996 2029
1997 2030
1998 2031
1999 2032
2000 2033
2001 2034
2002 2035
2003 2036
2004 2037
2005 2038
2006 2039
2007 2040
2008 2041
2009 2042
2010 2043
2011 2044
2012 2045
2013 2046
2014 2047
2015 2048
2016 2049
2017 2050
2018 2051
2019 2052
2020 2053
2021 2054
2022 2055
2023 2056
2024 2057
2025 2058
2026 2059
2027 2060
2028 2061
2029 2062
2030 2063
2031 2064
2032 2065
2033 2066
2034 2067
2035 2068
2036 2069
2037 2070
2038 2071
2039 2072
2040 2073
2041 2074
2042 2075
2043 2076
2044 2077
2045 2078
2046 2079
2047 2080
2048 2081
2049 2082
2050 2083
2051 2084
2052 2085
2053 2086
2054 2087
2055 2088
2056 2089
2057 2090
2058 2091
2059 2092
2060 2093
2061 2094
2062 2095
2063 2096
2064 2097
2065 2098
2066 2099
2067 2100
2068 2101
2069 2102
2070 2103
2071 2104
2072 2105
2073 2106
2074 2107
2075 2108
2076 2109
2077 2110
2078 2111
2079 2112
2080 2113
2081 2114
2082 2115
2083 2116
2084 2117
2085 2118
2086 2119
2087 2120
2088 2121
2089 2122
2090 2123
2091 2124
2092 2125
2093 2126
2094 2127
2095 2128
2096 2129
2097 2130
2098 2131
2099 2132
2100 2133
2101 2134
2102 2135
2103 2136
2104 2137
2105 2138
2106 2139
2107 2140
2108 2141
2109 2142
2110 2143
2111 2144
2112 2145
2113 2146
2114 2147
2115 2148
2116 2149
2117 2150
2118 2151
2119 2152
2120 2153
2121 2154
2122 2155
2123 2156
2124 2157
2125 2158
2126 2159
2127 2160
2128 2161
2129 2162
2130 2163
2131 2164
2132 2165
2133 2166
2134 2167
2135 2168
2136 2169
2137 2170
2138 2171
2139 2172
2140 2173
2141 2174
2142 2175
2143 2176
2144 2177
2145 2178
2146 2179
2147 2180
2148 2181
2149 2182
2150 2183
2151 2184
2152 2185
2153 2186
2154 2187
2155 2188
2156 2189
2157 2190
2158 2191
2159 2192
2160 2193
2161 2194
2162 2195
2163 2196
2164 2197
2165 2198
2166 2199
2167 2200
2168 2201
2169 2202
2170 2203
2171 2204
2172 2205
2173 2206
2174 2207
2175 2208
2176 2209
2177 2210
2178 2211
2179 2212
2180 2213
2181 2214
2182 2215
2183 2216
2184 2217
2185 2218
2186 2219
2187 2220
2188 2221
2189 2222
2190 2223
2191 2224
2192 2225
2193 2226
2194 2227
2195 2228
2196 2229
2197 2230
2198 2231
2199 2232
2200 2233
2201 2234
2202 2235
2203 2236
2204 2237
2205 2238
2206 2239
2207 2240
2208 2241
2209 2242
2210 2243
2211 2244
2212 2245
2213 2246
2214 2247
2215 2248
2216 2249
2217 2250
2218 2251
2219 2252
2220 2253
2221 2254
2222 2255
2223 2256
2224 2257
2225 2258
2226 2259
2227 2260
2228 2261
2229 2262
2230 2263
2231 2264
2232 2265
2233 2266
2234 2267
2235 2268
2236 2269
2237 2270
2238 2271
2239 2272
2240 2273
2241 2274
2242 2275
2243 2276
2244 2277
2245 2278
2246 2279
2247 2280
2248 2281
2249 2282
2250 2283
2251 2284
2252 2285
2253 2286
2254 2287
2255 2288
2256 2289
2257 2290
2258 2291
2259 2292
2260 2293
2261 2294
2262 2295
2263 2296
2264 2297
2265 2298
2266 2299
2267 2300
2268 2301
2269 2302
2270 2303
2271 2304
2272 2305
2273 2306
2274 2307
2275 2308
2276 2309
2277 2310
2278 2311
2279 2312
2280 2313
2281 2314
2282 2315
2283 2316
2283 2317
2284 2318
2285 2319
2286 2320
2287 2321
2288 2322
2289 2323
2290 2324
2291 2325
2292 2326
2293 2327
2294 2328
2295 2329
2296 2330
2297 2331
2298 2332
2299 2333
2300 2334
2301 2335
2302 2336
2303 2337
2304 2338
2305 2339
2306 2340
2307 2341
2308 2342
2309 2343
2310 2344
2311 2345
2312 2346
2313 2347
2314 2348
2315 2349
2316 2350
2317 2351
2318 2352
2319 2353
2320 2354
2321 2355
2322 2356
2323 2357
2324 2358
2325 2359
2326 2360
2327 2361
2328 2362
2329 2363
2330 2364
2331 2365
2332 2366
2333 2367
2334 2368
2335 2369
2336 2370
2337 2371
2337 2372
2338 2373
2339 2374
2340 2375
2341 2376
2342 2377
2343 2378
2344 2379
2345 2380
2346 2381
2347 2382
2348 2383
2349 2384
2350 2385
2351 2386
2352 2387
2353 2388
2354 2389
2355 2390
2356 2391
2357 2392
2358 2393
2359 2394
2360 2395
2361 2396
2362 2397
2363 2398
2364 2399
2365 2400
2366 2401
2367 2402
2368 2403
2369 2404
2370 2405
2371 2406
2372 2407
2373 2408
2374 2409
2375 2410
2376 2411
2377 2412
2378 2413
2379 2414
2380 2415
2381 2416
2382 2417
2383 2418
2384 2419
2385 2420
2386 2421
2387 2422
2388 2423
2389 2424
2390 2425
2391 2426
2392 2427
2393 2428
2394 2429
2395 2430
2396 2431
2397 2432
2398 2433
2399 2434
2400 2435
2401 2436
2402 2437
2403 2438
2404 2439
2405 2440
2406 2441
2407 2442
2408 2443
2409 2444
2410 2445
2411 2446
2412 2447
2413 2448
2414 2449
2415 2450
2416 2451
2417 2452
2418 2453
2419 2454
2420 2455
2421 2456
2422 2457
2423 2458
2424 2459
2425 2460
2426 2461
2427 2462
2428 2463
2429 2464
2430 2465
2431 2466
2432 2467
2433 2468
2434 2469
2435 2470
2436 2471
2437 2472
2438 2473
2439 2474
2440 2475
2441 2476
2442 2477
2443 2478
2444 2479
2445 2480
2446 2481
2447 2482
2448 2483
2449 2484
2450 2485
2451 2486
2452 2487
2453 2488
2454 2489
2455 2490
2456 2491
2457 2492
2458 2493
2459 2494
2460 2495
2461 2496
2462 2497
2463 2498
2464 2499
2465 2500
2466 2501
2467 2502
2468 2503
2469 2504
2470 2505
2471 2506
2472 2507
2473 2508
2474 2509
2475 2510
2476 2511
2477 2512
2478 2513
2479 2514
2480 2515
2481 2516
2482 2517
2483 2518
2484 2519
2485 2520
2486 2521
2487 2522
2488 2523
2489 2524
2490 2525
2491 2526
2492 2527
2493 2528
2494 2529
2495 2530
2496 2531
2497 2532
2498 2533
2499 2534
2500 2535
2501 2536
2502 2537
2503 2538
2504 2539
2505 2540
2506 2541
2507 2542
2508 2543
2509 2544
2510 2545
2511 2546
2512 2547
2513 2548
2514 2549
2515 2550
2516 2551
2517 2552
2518 2553
2519 2554
2520 2555
2521 2556
2522 2557
2523 2558
2524 2559
2525 2560
2526 2561
2527 2562
2528 2563
2529 2564
2530 2565
2531 2566
2532 2567
2533 2568
2534 2569
2535 2570
2536 2571
2537 2572
2538 2573
2539 2574
2540 2575
2541 2576
2542 2577
2543 2578
2544 2579
2545 2580
2546 2581
2547 2582
2548 2583
2549 2584
2550 2585
2551 2586
2552 2587
2553 2588
2554 2589
2555 2590
2556 2591
2557 2592
2558 2593
2559 2594
2560 2595
2561 2596
2562 2597
2563 2598
2564 2599
2565 2600
2566 2601
2567 2602
2568 2603
2569 2604
2570 2605
2571 2606
2572 2607
2573 2608
2574 2609
2575 2610
2576 2611
2577 2612
2578 2613
2579 2614
2580 2615
2581 2616
2582 2617
2583 2618
2584 2619
2585 2620
2586 2621
2587 2622
2588 2623
2589 2624
2590 2625
2591 2626
2592 2627
2593 2628
2594 2629
2595 2630
2596 2631
2597 2632
2598 2633
2599 2634
2600 2635
2601 2636
2602 2637
2603 2638
2604 2639
2605 2640
2606 2641
2607 2642
2608 2643
2609 2644
2610 2645
2611 2646
2612 2647
2613 2648
2614 2649
2615 2650
2616 2651
2617 2652
2618 2653
2619 2654
2620 2655
2621 2656
2622 2657
2623 2658
2624 2659
2625 2660
2626 2661
2627 2662
2628 2663
2629 2664
2630 2665
2631 2666
2632 2667
2633 2668
2634 2669
2635 2670
2636 2671
2637 2672
2638 2673
2639 2674
2640 2675
2641 2676
2642 2677
2643 2678
2644 2679
2645 2680
2646 2681
2647 2682
2648 2683
2649 2684
2650 2685
2651 2686
2652 2687
2653 2688
2654 2689
2655 2690
2656 2691
2657 2692
2658 2693
2659 2694
2660 2695
2661 2696
2662 2697
2663 2698
2664 2699
2665 2700
2666 2701
2667 2702
2668 2703
2669 2704
2670 2705
2671 2706
2672 2707
2673 2708
2674 2709
2675 2710
2676 2711
2677 2712
2678 2713
2679 2714
2680 2715
2681 2716
2682 2717
2683 2718
2684 2719
2685 2720
2686 2721
2687 2722
2688 2723
2689 2724
2690 2725
2691 2726
2692 2727
2693 2728
2694 2729
2695 2730
2696 2731
2697 2732
2698 2733
2699 2734
2700 2735
2701 2736
2702 2737
2703 2738
2704 2739
2705 2740
2706 2741
2707 2742
2708 2743
2709 2744
2710 2745
2711 2746
2712 2747
2713 2748
2714 2749
2715 2750
2716 2751
2717 2752
2718 2753
2719 2754
2720 2755
2721 2756
2722 2757
2723 2758
2724 2759
2725 2760
2726 2761
2727 2762
2728 2763
2729 2764
2730 2765
2731 2766
2732 2767
2733 2768
2734 2769
2735 2770
2736 2771
2737 2772
2738 2773
2739 2774
2740 2775
2741 2776
2742 2777
2743 2778
2744 2779
2745 2780
2746 2781
2747 2782
2748 2783
2749 2784
2750 2785
2751 2786
2752 2787
2753 2788
2754 2789
2755 2790
2756 2791
2757 2792
2758 2793
2759 2794
2760 2795
2761 2796
2762 2797
2763 2798
2764 2799
2765 2800
2766 2801
2767 2802
2768 2803
2769 2804
2770 2805
2771 2806
2772 2807
2773 2808
2774 2809
2775 2810
2776 2811
2777 2812
2778 2813
2779 2814
2780 2815
2781 2816
2782 2817
2783 2818
2784 2819
2785 2820
2786 2821
2787 2822
2788 2823
2789 2824
2790 2825
2791 2826
2792 2827
2793 2828
2794 2829
2795 2830
2796 2831
2797 2832
2798 2833
2799 2834
2800 2835
2801 2836
2802 2837
2803 2838
2804 2839
2805 2840
2806 2841
2807 2842
2808 2843
2809 2844
2810 2845
2811 2846
2812 2847
2813 2848
2814 2849
2815 2850
2816 2851
2817 2852
2818 2853
2819 2854
2820 2855
2821 2856
2822 2857
2823 2858
2824 2859
2825 2860
2826 2861
2827 2862
2828 2863
2829 2864
2830 2865
2831 2866
2832 2867
2833 2868
2834 2869
2835 2870
2836 2871
2837 2872
2838 2873
2839 2874
2840 2875
2841 2876
2842 2877
2843 2878
2844 2879
2845 2880
2846 2881
2847 2882
2848 2883
2849 2884
2850 2885
2851 2886
2852 2887
2853 2888
2854 2889
2855 2890
2856 2891
2857 2892
2858 2893
2859 2894
2860 2895
2861 2896
2862 2897
2863 2898
2864 2899
2865 2900
2866 2901
2867 2902
2868 2903
2869 2904
2870 2905
2871 2906
2872 2907
2873 2908
2874 2909
2875 2910
2876 2911
2877 2912
2878 2913
2879 2914
2880 2915
2881 2916
2882 2917
2883 2918
2884 2919
2885 2920
2886 2921
2887 2922
2888 2923
2889 2924
2890 2925
2891 2926
2892 2927
2893 2928
2894 2929
2895 2930
2896 2931
2897 2932
2898 2933
2899 2934
2900 2935
2901 2936
2902 2937
2903 2938
2904 2939
2905 2940
2906 2941
2907 2942
2908 2943
2909 2944
2910 2945
2911 2946
2912 2947
2913 2948
2914 2949
2915 2950
2916 2951
2917 2952
2918 2953
2919 2954
2920 2955
2921 2956
2922 2957
2923 2958
2924 2959
2925 2960
2926 2961
2927 2962
2928 2963
2929 2964
2930 2965
2931 2966
2932 2967
2933 2968
2934 2969
2935 2970
2936 2971
2937 2972
2938 2973
2939 2974
2940 2975
2941 2976
2942 2977
2943 2978
2944 2979
2945 2980
2946 2981
2947 2982
2948 2983
2949 2984
2950 2985
2951 2986
2952 2987
2953 2988
2954 2989
2955 2990
2956 2991
2957 2992
2958 2993
2959 2994
2960 2995
2961 2996
2962 2997
2963 2998
2964 2999
2965 3000
2966 3001
2967 3002
2968 3003
2969 3004
2970 3005
2971 3006
2972 3007
2973 3008
2974 3009
2975 3010
2976 3011
2977 3012
2978 3013
2979 3014
2980 3015
2981 3016
2982 3017
2983 3018
2984 3019
2985 3020
2986 3021
2987 3022
2988 3023
2989 3024
2990 3025
2991 3026
2992 3027
2993 3028
2994 3029
2995 3030
2996 3031
2997 3032
2998 3033
2999 3034
3000 3035
3001 3036
3002 3037
3003 3038
3004 3039
3005 3040
3006 3041
3007 3042
3008 3043
3009 3044
3010 3045
3011 3046
3012 3047
3013 3048
3014 3049
3015 3050
3016 3051
3017 3052
3018 3053
3019 3054
3020 3055
3021 3056
3022 3057
3023 3058
3024 3059
3025 3060
3026 3061
3027 3062
3028 3063
3029 3064
3030 3065
3031 3066
3032 3067
3033 3068
3034 3069
3035 3070
3036 3071
3037 3072
3038 3073
3039 3074
3040 3075
3041 3076
3042 3077
3043 3078
3044 3079
3045 3080
3046 3081
3047 3082
3048 3083
3049 3084
3050 3085
3051 3086
3052 3087
3053 3088
3054 3089
3055 3090
3056 3091
3057 3092
3058 3093
3059 3094
3060 3095
3061 3096
3062 3097
3063 3098
3064 3099
3065 3100
3066 3101
3067 3102
3068 3103
3069 3104
3070 3105
3071 3106
3072 3107
3073 3108
3074 3109
3075 3110
3076 3111
3077 3112
3078 3113
3079 3114
3080 3115
3081 3116
3082 3117
3083 3118
3084 3119
3085 3120
3086 3121
3087 3122
3088 3123
3089 3124
3090 3125
3091 3126
3092 3127
3093 3128
3094 3129
3095 3130
3096 3131
3097 3132
3098 3133
3099 3134
3100 3135
3101 3136
3102 3137
3103 3138
3104 3139
3105 3140
3106 3141
3107 3142
3108 3143
3109 3144
3110 3145
3111 3146
3112 3147
3113 3148
3114 3149
3115 3150
3116 3151
3117 3152
3118 3153
3119 3154
3120 3155
3121 3156
3122 3157
3123 3158
3124 3159
3125 3160
3126 3161
3127 3162
3128 3163
3129 3164
3130 3165
3131 3166
3132 3167
3133 3168
3134 3169
3135 3170
3136 3171
3137 3172
3138 3173
3139 3174
3140 3175
3141 3176
3142 3177
3143 3178
3144 3179
3145 3180
3146 3181
3147 3182
3148 3183
3149 3184
3150 3185
3151 3186
3152 3187
3153 3188
3154 3189
3155 3190
3156 3191
3157 3192
3158 3193
3159 3194
3160 3195
3161 3196
3162 3197
3163 3198
3164 3199
3165 3200
3166 3201
3167 3202
3168 3203
3169 3204
3170 3205
3171 3206
3172 3207
3173 3208
3174 3209
3175 3210
3176 3211
3177 3212
3178 3213
3179 3214
3180 3215
3181 3216
3182 3217
3183 3218
3184 3219
3185 3220
3186 3221
3187 3222
3188 3223
3189 3224
3190 3225
3191 3226
3192 3227
3193 3228
3194 3229
3195 3230
3196 3231
3197 3232
3197 3233
3198 3234
3199 3235
3200 3236
3201 3237
3202 3238
3203 3239
3204 3240
3205 3241
3206 3242
3207 3243
3208 3244
3209 3245
3210 3246
3211 3247
3212 3248
3213 3249
3214 3250
3215 3251
3216 3252
3217 3253
3218 3254
3219 3255
3220 3256
3221 3257
3222 3258
3223 3259
3224 3260
3225 3261
3226 3262
3227 3263
3228 3264
3229 3265
3230 3266
3231 3267
3232 3268
3233 3269
3234 3270
3235 3271
3236 3272
3237 3273
3238 3274
3239 3275
3240 3276
3241 3277
3242 3278
3243 3279
3244 3280
3245 3281
3246 3282
3247 3283
3248 3284
3249 3285
3250 3286
3251 3287
3252 3288
3253 3289
3254 3290
3255 3291
3256 3292
3257 3293
3258 3294
3259 3295
3260 3296
3261 3297
3262 3298
3263 3299
3264 3300
3265 3301
3266 3302
3267 3303
3268 3304
3269 3305
3270 3306
3271 3307
3272 3308
3273 3309
3274 3310
3275 3311
3276 3312
3277 3313
3278 3314
3279 3315
3280 3316
3280 3317
3281 3318
3282 3319
3283 3320
3284 3321
3285 3322
3286 3323
3287 3324
3288 3325
3289 3326
3290 3327
3291 3328
3292 3329
3293 3330
3294 3331
3295 3332
3296 3333
3297 3334
3298 3335
3299 3336
3300 3337
3301 3338
3302 3339
3303 3340
3304 3341
3305 3342
3306 3343
3307 3344
3308 3345
3309 3346
3310 3347
3311 3348
3312 3349
3313 3350
3314 3351
3315 3352
3316 3353
3317 3354
3318 3355
3319 3356
3320 3357
3321 3358
3322 3359
3323 3360
3324 3361
3325 3362
3326 3363
3327 3364
3328 3365
3329 3366
3330 3367
3331 3368
3332 3369
3333 3370
3334 3371
3335 3372
3336 3373
3337 3374
3338 3375
3339 3376
3340 3377
3341 3378
3342 3379
3343 3380
3344 3381
3345 3382
3346 3383
3347 3384
3348 3385
3349 3386
3350 3387
3351 3388
3352 3389
3353 3390
3354 3391
3354 3392
3355 3393
3355 3394
3356 3395
3357 3396
3358 3397
3359 3398
3359 3399
3360 3400
3361 3401
3362 3402
3362 3403
3363 3404
3364 3405
3364 3406
3365 3407
3366 3408
3367 3409
3368 3410
3369 3411
3370 3412
3371 3413
3372 3414
3373 3415
3374 3416
3375 3417
3376 3418
3377 3419
3378 3420
3379 3421
3380 3422
3381 3423
3382 3424
3383 3425
3384 3426
3385 3427
3386 3428
3387 3429
3388 3430
3389 3431
3390 3432
3391 3433
3392 3434
3393 3435
3394 3436
3395 3437
3396 3438
3397 3439
3398 3440
3399 3441
3400 3442
3401 3443
3402 3444
3403 3445
3404 3446
3405 3447
3406 3448
3407 3449
3408 3450
3409 3451
3410 3452
3411 3453
3412 3454
3413 3455
3414 3456
3415 3457
3416 3458
3417 3459
3418 3460
3419 3461
3420 3462
3421 3463
3422 3464
3423 3465
3424 3466
3425 3467
3426 3468
3427 3469
3428 3470
3429 3471
3430 3472
3431 3473
3432 3474
3433 3475
3434 3476
3435 3477
3436 3478
3437 3479
3437 3480
3438 3481
3439 3482
3440 3483
3441 3484
3442 3485
3443 3486
3444 3487
3445 3488
3446 3489
3447 3490
3448 3491
3449 3492
3450 3493
3451 3494
3452 3495
3453 3496
3454 3497
3455 3498
3456 3499
3457 3500
3458 3501
3459 3502
3460 3503
3461 3504
3462 3505
3463 3506
3464 3507
3465 3508
3466 3509
3467 3510
3468 3511
3469 3512
3470 3513
3471 3514
3472 3515
3473 3516
3474 3517
3475 3518
3476 3519
3477 3520
3478 3521
3479 3522
3480 3523
3481 3524
3482 3525
3483 3526
3484 3527
3485 3528
3486 3529
3487 3530
3488 3531
3489 3532
3490 3533
3491 3534
3492 3535
3493 3536
3494 3537
3495 3538
3496 3539
3497 3540
3498 3541
3499 3542
3500 3543
3501 3544
3502 3545
3503 3546
3504 3547
3505 3548
3506 3549
3507 3550
3508 3551
3509 3552
3510 3553
3511 3554
3512 3555
3513 3556
3514 3557
3515 3558
3516 3559
3516 3560
3517 3561
3518 3562
3519 3563
3520 3564
3521 3565
3522 3566
3523 3567
3524 3568
3525 3569
3526 3570
3527 3571
3528 3572
3529 3573
3530 3574
3531 3575
3532 3576
3533 3577
3534 3578
3535 3579
3536 3580
3537 3581
3538 3582
3539 3583
3540 3584
3541 3585
3542 3586
3543 3587
3544 3588
3545 3589
3546 3590
3547 3591
3548 3592
3549 3593
3550 3594
3551 3595
3552 3596
3553 3597
3554 3598
3555 3599
3556 3600
3557 3601
3558 3602
3559 3603
3560 3604
3561 3605
3562 3606
3563 3607
3564 3608
3565 3609
3566 3610
3567 3611
3568 3612
3569 3613
3570 3614
3571 3615
3572 3616
3573 3617
3574 3618
3575 3619
3576 3620
3577 3621
3578 3622
3579 3623
3580 3624
3581 3625
3582 3626
3583 3627
3584 3628
3585 3629
3586 3630
3587 3631
3588 3632
3589 3633
3590 3634
3591 3635
3592 3636
3593 3637
3594 3638
3595 3639
3596 3640
3597 3641
3598 3642
3599 3643
3600 3644
3600 3645
3601 3646
3602 3647
3603 3648
3604 3649
3605 3650
3606 3651
3607 3652
3608 3653
3609 3654
3610 3655
3611 3656
3612 3657
3613 3658
3614 3659
3615 3660
3616 3661
3617 3662
3618 3663
3619 3664
3620 3665
3621 3666
3622 3667
3623 3668
3624 3669
3625 3670
3626 3671
3627 3672
3628 3673
3629 3674
3630 3675
3631 3676
3632 3677
3633 3678
3634 3679
3635 3680
3636 3681
3637 3682
3638 3683
3639 3684
3640 3685
3641 3686
3642 3687
3643 3688
3644 3689
3645 3690
3646 3691
3647 3692
3648 3693
3649 3694
3650 3695
3651 3696
3652 3697
3653 3698
3654 3699
3655 3700
3656 3701
3657 3702
3658 3703
3659 3704
3660 3705
3661 3706
3662 3707
3663 3708
3664 3709
3665 3710
3666 3711
3667 3712
3668 3713
3669 3714
3670 3715
3670 3716
3671 3717
3671 3718
3672 3719
3673 3720
3674 3721
3675 3722
3676 3723
3676 3724
3677 3725
3678 3726
3679 3727
3680 3728
3681 3729
3682 3730
3683 3731
3684 3732
3684 3733
3685 3734
3685 3735
3686 3736
3687 3737
3688 3738
3689 3739
3690 3740
3691 3741
3692 3742
3693 3743
3694 3744
3695 3745
3696 3746
3697 3747
3698 3748
3699 3749
3700 3750
3701 3751
3702 3752
3703 3753
3704 3754
3705 3755
3706 3756
3707 3757
3708 3758
3709 3759
3710 3760
3711 3761
3712 3762
3713 3763
3714 3764
3715 3765
3716 3766
3717 3767
3718 3768
3719 3769
3720 3770
3721 3771
3722 3772
3723 3773
3724 3774
3725 3775
3726 3776
3727 3777
3728 3778
3729 3779
3730 3780
3731 3781
3732 3782
3733 3783
3734 3784
3735 3785
3736 3786
3737 3787
3738 3788
3739 3789
3740 3790
3741 3791
3742 3792
3743 3793
3744 3794
3745 3795
3746 3796
3747 3797
3748 3798
3749 3799
3750 3800
3751 3801
3752 3802
3753 3803
3754 3804
3755 3805
3756 3806
3757 3807
3758 3808
3759 3809
3759 3810
3760 3811
3761 3812
3762 3813
3763 3814
3764 3815
3765 3816
3766 3817
3767 3818
3768 3819
3769 3820
3770 3821
3771 3822
3772 3823
3773 3824
3774 3825
3775 3826
3776 3827
3777 3828
3778 3829
3779 3830
3780 3831
3781 3832
3782 3833
3783 3834
3784 3835
3785 3836
3786 3837
3787 3838
3788 3839
3789 3840
3790 3841
3791 3842
3792 3843
3793 3844
3794 3845
3795 3846
3796 3847
3797 3848
3798 3849
3799 3850
3800 3851
3801 3852
3802 3853
3803 3854
3804 3855
3805 3856
3806 3857
3807 3858
3808 3859
3809 3860
3810 3861
3811 3862
3812 3863
3813 3864
3814 3865
3815 3866
3816 3867
3817 3868
3818 3869
3819 3870
3820 3871
3821 3872
3822 3873
3823 3874
3824 3875
3825 3876
3826 3877
3827 3878
3828 3879
3829 3880
3830 3881
3831 3882
3832 3883
3833 3884
3834 3885
3835 3886
3836 3887
3837 3888
3838 3889
3839 3890
3840 3891
3840 3892
3841 3893
3842 3894
3843 3895
3844 3896
3845 3897
3846 3898
3847 3899
3848 3900
3849 3901
3850 3902
3851 3903
3852 3904
3853 3905
3854 3906
3855 3907
3856 3908
3856 3909
3857 3910
3858 3911
3859 3912
3860 3913
3861 3914
3862 3915
3863 3916
3864 3917
3865 3918
3866 3919
3867 3920
3868 3921
3869 3922
3870 3923
3871 3924
3872 3925
3873 3926
3874 3927
3875 3928
3876 3929
3877 3930
3878 3931
3879 3932
3880 3933
3881 3934
3882 3935
3883 3936
3884 3937
3885 3938
3886 3939
3887 3940
3888 3941
3889 3942
3890 3943
3891 3944
3892 3945
3893 3946
3894 3947
3895 3948
3896 3949
3897 3950
3898 3951
3899 3952
3900 3953
3901 3954
3902 3955
3903 3956
3904 3957
3905 3958
3906 3959
3907 3960
3908 3961
3909 3962
3910 3963
3911 3964
3912 3965
3913 3966
3914 3967
3915 3968
3916 3969
3917 3970
3918 3971
3919 3972
3920 3973
3921 3974
3922 3975
3923 3976
3924 3977
3925 3978
3926 3979
3927 3980
3928 3981
3929 3982
3929 3983
3930 3984
3931 3985
3932 3986
3933 3987
3934 3988
3935 3989
3936 3990
3937 3991
3938 3992
3938 3993
3939 3994
3940 3995
3941 3996
3942 3997
3943 3998
3944 3999
3945 4000
3946 4001
3947 4002
3948 4003
3949 4004
3950 4005
3951 4006
3952 4007
3953 4008
3954 4009
3955 4010
3956 4011
3957 4012
3958 4013
3959 4014
3960 4015
3961 4016
3962 4017
3963 4018
3964 4019
3965 4020
3966 4021
3967 4022
3968 4023
3969 4024
3970 4025
3971 4026
3972 4027
3973 4028
3974 4029
3975 4030
3976 4031
3977 4032
3978 4033
3979 4034
3980 4035
3981 4036
3982 4037
3983 4038
3984 4039
3985 4040
3986 4041
3987 4042
3988 4043
3989 4044
3990 4045
3991 4046
3992 4047
3993 4048
3994 4049
3995 4050
3996 4051
3997 4052
3998 4053
3999 4054
4000 4055
4001 4056
4002 4057
4003 4058
4004 4059
4005 4060
4006 4061
4007 4062
4008 4063
4009 4064
4010 4065
4011 4066
4012 4067
4013 4068
4014 4069
4015 4070
4016 4071
4017 4072
4018 4073
4019 4074
4020 4075
4021 4076
4022 4077
4023 4078
4024 4079
4025 4080
4026 4081
4027 4082
4028 4083
4029 4084
4030 4085
4031 4086
4032 4087
4033 4088
4034 4089
4035 4090
4036 4091
4037 4092
4038 4093
4039 4094
4040 4095
4041 4096
4042 4097
4043 4098
4044 4099
4045 4100
4046 4101
4047 4102
4048 4103
4049 4104
4050 4105
4051 4106
4052 4107
4053 4108
4054 4109
4055 4110
4056 4111
4057 4112
4058 4113
4059 4114
4060 4115
4061 4116
4062 4117
4063 4118
4064 4119
4065 4120
4066 4121
4067 4122
4068 4123
4069 4124
4070 4125
4071 4126
4072 4127
4073 4128
4074 4129
4075 4130
4076 4131
4076 4132
4077 4133
4078 4134
4079 4135
4080 4136
4081 4137
4082 4138
4083 4139
4084 4140
4085 4141
4086 4142
4087 4143
4088 4144
4089 4145
4090 4146
4091 4147
4092 4148
4092 4149
4093 4150
4094 4151
4095 4152
4096 4153
4097 4154
4098 4155
4099 4156
4100 4157
4101 4158
4102 4159
4103 4160
4104 4161
4105 4162
4106 4163
4107 4164
4108 4165
4109 4166
4110 4167
4111 4168
4112 4169
4113 4170
4114 4171
4115 4172
4116 4173
4117 4174
4118 4175
4119 4176
4120 4177
4121 4178
4122 4179
4123 4180
4124 4181
4125 4182
4126 4183
4127 4184
4128 4185
4129 4186
4130 4187
4131 4188
4132 4189
4133 4190
4134 4191
4135 4192
4136 4193
4137 4194
4138 4195
4139 4196
4140 4197
4141 4198
4142 4199
4143 4200
4144 4201
4145 4202
4146 4203
4147 4204
4148 4205
4149 4206
4150 4207
4151 4208
4152 4209
4153 4210
4154 4211
4155 4212
4156 4213
4157 4214
4158 4215
4159 4216
4160 4217
4161 4218
4162 4219
4163 4220
4164 4221
4165 4222
4166 4223
4167 4224
4168 4225
4169 4226
4170 4227
4171 4228
4172 4229
4173 4230
4174 4231
4175 4232
4176 4233
4177 4234
4178 4235
4179 4236
4180 4237
4181 4238
4182 4239
4183 4240
4184 4241
4185 4242
4186 4243
4187 4244
4188 4245
4189 4246
4190 4247
4191 4248
4192 4249
4193 4250
4194 4251
4195 4252
4196 4253
4197 4254
4198 4255
4199 4256
4200 4257
4201 4258
4202 4259
4203 4260
4204 4261
4205 4262
4206 4263
4207 4264
4208 4265
4209 4266
4210 4267
4211 4268
4212 4269
4213 4270
4214 4271
4215 4272
4216 4273
4217 4274
4218 4275
4219 4276
4220 4277
4221 4278
4222 4279
4223 4280
4224 4281
4225 4282
4226 4283
4227 4284
4228 4285
4229 4286
4230 4287
4231 4288
4232 4289
4233 4290
4234 4291
4234 4292
4235 4293
4236 4294
4237 4295
4238 4296
4239 4297
4240 4298
4241 4299
4242 4300
4243 4301
4244 4302
4245 4303
4245 4304
4246 4305
4247 4306
4248 4307
4249 4308
4250 4309
4251 4310
4252 4311
4253 4312
4254 4313
4255 4314
4256 4315
4257 4316
4258 4317
4259 4318
4260 4319
4261 4320
4262 4321
4263 4322
4264 4323
4265 4324
4266 4325
4267 4326
4268 4327
4269 4328
4270 4329
4271 4330
4272 4331
4273 4332
4274 4333
4275 4334
4276 4335
4277 4336
4278 4337
4279 4338
4280 4339
4281 4340
4282 4341
4283 4342
4284 4343
4285 4344
4286 4345
4287 4346
4288 4347
4289 4348
4290 4349
4291 4350
4292 4351
4293 4352
4294 4353
4295 4354
4296 4355
4297 4356
4298 4357
4299 4358
4300 4359
4301 4360
4302 4361
4303 4362
4304 4363
4305 4364
4306 4365
4307 4366
4308 4367
4309 4368
4309 4369
4310 4370
4310 4371
4311 4372
4312 4373
4313 4374
4314 4375
4315 4376
4316 4377
4317 4378
4318 4379
4319 4380
4320 4381
4321 4382
4322 4383
4323 4384
4324 4385
4325 4386
4326 4387
4327 4388
4328 4389
4329 4390
4330 4391
4331 4392
4332 4393
4333 4394
4334 4395
4335 4396
4336 4397
4337 4398
4338 4399
4339 4400
4340 4401
4341 4402
4342 4403
4343 4404
4344 4405
4345 4406
4346 4407
4347 4408
4348 4409
4349 4410
4350 4411
4351 4412
4352 4413
4353 4414
4354 4415
4355 4416
4356 4417
4357 4418
4358 4419
4359 4420
4360 4421
4361 4422
4362 4423
4363 4424
4364 4425
4365 4426
4366 4427
4367 4428
4368 4429
4369 4430
4370 4431
4371 4432
4372 4433
4372 4434
4373 4435
4374 4436
4375 4437
4376 4438
4377 4439
4378 4440
4379 4441
4379 4442
4380 4443
4381 4444
4382 4445
4383 4446
4384 4447
4385 4448
4386 4449
4387 4450
4388 4451
4389 4452
4390 4453
4391 4454
4392 4455
4393 4456
4394 4457
4395 4458
4396 4459
4397 4460
4398 4461
4399 4462
4400 4463
4401 4464
4402 4465
4403 4466
4404 4467
4405 4468
4406 4469
4407 4470
4408 4471
4409 4472
4410 4473
4411 4474
4412 4475
4413 4476
4414 4477
4415 4478
4416 4479
4417 4480
4418 4481
4419 4482
4420 4483
4421 4484
4422 4485
4423 4486
4424 4487
4425 4488
4426 4489
4427 4490
4428 4491
4429 4492
4430 4493
4431 4494
4432 4495
4433 4496
4434 4497
4435 4498
4436 4499
4437 4500
4438 4501
4439 4502
4440 4503
4441 4504
4442 4505
4443 4506
4444 4507
4445 4508
4445 4509
4446 4510
4447 4511
4448 4512
4449 4513
4450 4514
4451 4515
4452 4516
4453 4517
4454 4518
4455 4519
4456 4520
4457 4521
4458 4522
4459 4523
4460 4524
4461 4525
4462 4526
4463 4527
4464 4528
4465 4529
4465 4530
4466 4531
4466 4532
4467 4533
4468 4534
4469 4535
4470 4536
4471 4537
4472 4538
4473 4539
4474 4540
4475 4541
4476 4542
4477 4543
4478 4544
4479 4545
4480 4546
4481 4547
4482 4548
4483 4549
4484 4550
4485 4551
4486 4552
4487 4553
4488 4554
4489 4555
4490 4556
4491 4557
4492 4558
4493 4559
4494 4560
4495 4561
4496 4562
4497 4563
4498 4564
4499 4565
4500 4566
4501 4567
4502 4568
4503 4569
4504 4570
4505 4571
4506 4572
4507 4573
4508 4574
4509 4575
4509 4576
4510 4577
4511 4578
4512 4579
4513 4580
4514 4581
4515 4582
4516 4583
4517 4584
4518 4585
4519 4586
4520 4587
4521 4588
4522 4589
4523 4590
4524 4591
4525 4592
4526 4593
4527 4594
4528 4595
4529 4596
4530 4597
4531 4598
4532 4599
4533 4600
4534 4601
4535 4602
4536 4603
4537 4604
4538 4605
4539 4606
4540 4607
4541 4608
4542 4609
4543 4610
4544 4611
4545 4612
4546 4613
4547 4614
4548 4615
4549 4616
4550 4617
4551 4618
4552 4619
4553 4620
4554 4621
4555 4622
4556 4623
4557 4624
4558 4625
4559 4626
4560 4627
4561 4628
4562 4629
4563 4630
4564 4631
4565 4632
4566 4633
4567 4634
4568 4635
4569 4636
4570 4637
4571 4638
4572 4639
4573 4640
4574 4641
4574 4642
4575 4643
4576 4644
4577 4645
4578 4646
4578 4647
4579 4648
4580 4649
4581 4650
4581 4651
4582 4652
4583 4653
4584 4654
4585 4655
4586 4656
4587 4657
4588 4658
4589 4659
4590 4660
4591 4661
4592 4662
4593 4663
4594 4664
4595 4665
4596 4666
4597 4667
4598 4668
4598 4669
4599 4670
4600 4671
4601 4672
4602 4673
4603 4674
4604 4675
4605 4676
4606 4677
4607 4678
4608 4679
4609 4680
4610 4681
4611 4682
4612 4683
4613 4684
4614 4685
4615 4686
4616 4687
4617 4688
4618 4689
4619 4690
4620 4691
4621 4692
4622 4693
4623 4694
4624 4695
4625 4696
4626 4697
4627 4698
4628 4699
4629 4700
4630 4701
4631 4702
4632 4703
4633 4704
4634 4705
4635 4706
4636 4707
4637 4708
4638 4709
4639 4710
4640 4711
4641 4712
4642 4713
4643 4714
4644 4715
4645 4716
4646 4717
4647 4718
4648 4719
4649 4720
4650 4721
4651 4722
4652 4723
4653 4724
4654 4725
4655 4726
4656 4727
4657 4728
4658 4729
4659 4730
4660 4731
4661 4732
4662 4733
4663 4734
4664 4735
4665 4736
4666 4737
4667 4738
4668 4739
4669 4740
4670 4741
4671 4742
4672 4743
4673 4744
4674 4745
4675 4746
4676 4747
4677 4748
4678 4749
4679 4750
4680 4751
4681 4752
4682 4753
4683 4754
4684 4755
4685 4756
4686 4757
4687 4758
4688 4759
4689 4760
4690 4761
4691 4762
4692 4763
4693 4764
4694 4765
4695 4766
4696 4767
4697 4768
4698 4769
4699 4770
4700 4771
4701 4772
4702 4773
4703 4774
4704 4775
4705 4776
4706 4777
4707 4778
4708 4779
4709 4780
4710 4781
4711 4782
4712 4783
4713 4784
4714 4785
4715 4786
4716 4787
4717 4788
4718 4789
4719 4790
4720 4791
4721 4792
4722 4793
4723 4794
4724 4795
4725 4796
4726 4797
4727 4798
4728 4799
4729 4800
4730 4801
4731 4802
4732 4803
4733 4804
4734 4805
4735 4806
4736 4807
4737 4808
4738 4809
4739 4810
4740 4811
4741 4812
4742 4813
4743 4814
4744 4815
4745 4816
4746 4817
4747 4818
4748 4819
4749 4820
4750 4821
4751 4822
4752 4823
4753 4824
4754 4825
4755 4826
4756 4827
4757 4828
4758 4829
4759 4830
4760 4831
4761 4832
4762 4833
4763 4834
4764 4835
4765 4836
4766 4837
4767 4838
4768 4839
4769 4840
4770 4841
4771 4842
4772 4843
4773 4844
4774 4845
4775 4846
4776 4847
4777 4848
4778 4849
4779 4850
4780 4851
4781 4852
4782 4853
4783 4854
4784 4855
4785 4856
4786 4857
4787 4858
4788 4859
4789 4860
4790 4861
4791 4862
4792 4863
4793 4864
4794 4865
4795 4866
4796 4867
4797 4868
4798 4869
4799 4870
4800 4871
4801 4872
4802 4873
4803 4874
4804 4875
4805 4876
4806 4877
4807 4878
4808 4879
4809 4880
4810 4881
4811 4882
4812 4883
4813 4884
4814 4885
4815 4886
4816 4887
4817 4888
4818 4889
4819 4890
4820 4891
4821 4892
4822 4893
4823 4894
4824 4895
4825 4896
4826 4897
4827 4898
4828 4899
4829 4900
4830 4901
4831 4902
4832 4903
4833 4904
4834 4905
4835 4906
4836 4907
4837 4908
4838 4909
4839 4910
4840 4911
4841 4912
4842 4913
4843 4914
4844 4915
4845 4916
4846 4917
4847 4918
4848 4919
4849 4920
4850 4921
4851 4922
4852 4923
4853 4924
4854 4925
4855 4926
4856 4927
4857 4928
4858 4929
4859 4930
4860 4931
4861 4932
4862 4933
4863 4934
4864 4935
4865 4936
4866 4937
4867 4938
4868 4939
4869 4940
4870 4941
4871 4942
4872 4943
4873 4944
4874 4945
4875 4946
4876 4947
4877 4948
4878 4949
4879 4950
4880 4951
4881 4952
4882 4953
4883 4954
4884 4955
4885 4956
4886 4957
4887 4958
4888 4959
4889 4960
4890 4961
4891 4962
4892 4963
4893 4964
4894 4965
4895 4966
4896 4967
4897 4968
4898 4969
4899 4970
4900 4971
4901 4972
4902 4973
4903 4974
4904 4975
4905 4976
4906 4977
4907 4978
4908 4979
4909 4980
4910 4981
4911 4982
4912 4983
4913 4984
4914 4985
4915 4986
4916 4987
4917 4988
4918 4989
4919 4990
4920 4991
4921 4992
4922 4993
4923 4994
4924 4995
4925 4996
4926 4997
4927 4998
4928 4999
4929 5000
4930 5001
4931 5002
4932 5003
4933 5004
4934 5005
4935 5006
4936 5007
4937 5008
4938 5009
4939 5010
4940 5011
4941 5012
4942 5013
4943 5014
4944 5015
4945 5016
4946 5017
4947 5018
4948 5019
4949 5020
4950 5021
4951 5022
4952 5023
4953 5024
4954 5025
4955 5026
4956 5027
4957 5028
4958 5029
4959 5030
4960 5031
4961 5032
4962 5033
4963 5034
4964 5035
4965 5036
4966 5037
4967 5038
4968 5039
4969 5040
4970 5041
4971 5042
4972 5043
4973 5044
4974 5045
4975 5046
4976 5047
4977 5048
4978 5049
4979 5050
4980 5051
4981 5052
4982 5053
4983 5054
4984 5055
4985 5056
4986 5057
4987 5058
4988 5059
4989 5060
4990 5061
4991 5062
4992 5063
4993 5064
4994 5065
4995 5066
4996 5067
4997 5068
4998 5069
4999 5070
5000 5071
5001 5072
5002 5073
5003 5074
5004 5075
5005 5076
5006 5077
5007 5078
5008 5079
5009 5080
5010 5081
5011 5082
5012 5083
5013 5084
5014 5085
5015 5086
5016 5087
5017 5088
5018 5089
5019 5090
5020 5091
5021 5092
5022 5093
5023 5094
5024 5095
5025 5096
5026 5097
5027 5098
5028 5099
5029 5100
5030 5101
5031 5102
5032 5103
5033 5104
5034 5105
5035 5106
5036 5107
5037 5108
5038 5109
5039 5110
5040 5111
5041 5112
5042 5113
5043 5114
5044 5115
5045 5116
5046 5117
5047 5118
5048 5119
5049 5120
5050 5121
5051 5122
5052 5123
5053 5124
5054 5125
5055 5126
5056 5127
5057 5128
5058 5129
5059 5130
5060 5131
5061 5132
5062 5133
5063 5134
5064 5135
5065 5136
5066 5137
5067 5138
5068 5139
5069 5140
5070 5141
5071 5142
5072 5143
5073 5144
5074 5145
5075 5146
5076 5147
5077 5148
5078 5149
5079 5150
5080 5151
5081 5152
5082 5153
5083 5154
5084 5155
5085 5156
5086 5157
5087 5158
5088 5159
5089 5160
5090 5161
5091 5162
5092 5163
5093 5164
5094 5165
5095 5166
5096 5167
5097 5168
5098 5169
5099 5170
5100 5171
5101 5172
5102 5173
5103 5174
5104 5175
5105 5176
5106 5177
5107 5178
5108 5179
5109 5180
5110 5181
5111 5182
5112 5183
5113 5184
5114 5185
5115 5186
5116 5187
5117 5188
5118 5189
5119 5190
5120 5191
5121 5192
5122 5193
5123 5194
5124 5195
5125 5196
5126 5197
5127 5198
5128 5199
5129 5200
5130 5201
5131 5202
5132 5203
5133 5204
5134 5205
5135 5206
5136 5207
5137 5208
5138 5209
5139 5210
5140 5211
5141 5212
5142 5213
5143 5214
5144 5215
5145 5216
5146 5217
5147 5218
5148 5219
5149 5220
5150 5221
5151 5222
5152 5223
5153 5224
5154 5225
5155 5226
5156 5227
5157 5228
5158 5229
5159 5230
5160 5231
5161 5232
5162 5233
5163 5234
5164 5235
5165 5236
5166 5237
5167 5238
5168 5239
5169 5240
5170 5241
5171 5242
5172 5243
5173 5244
5174 5245
5175 5246
5176 5247
5177 5248
5178 5249
5179 5250
5180 5251
5181 5252
5182 5253
5183 5254
5184 5255
5185 5256
5186 5257
5187 5258
5188 5259
5189 5260
5190 5261
5191 5262
5192 5263
5193 5264
5194 5265
5195 5266
5196 5267
5197 5268
5198 5269
5199 5270
5200 5271
5201 5272
5202 5273
5203 5274
5204 5275
5205 5276
5206 5277
5207 5278
5208 5279
5209 5280
5210 5281
5211 5282
5212 5283
5213 5284
5214 5285
5215 5286
5216 5287
5217 5288
5218 5289
5219 5290
5220 5291
5221 5292
5222 5293
5223 5294
5224 5295
5225 5296
5226 5297
5227 5298
5228 5299
5229 5300
5230 5301
5231 5302
5232 5303
5233 5304
5234 5305
5235 5306
5236 5307
5237 5308
5238 5309
5239 5310
5240 5311
5241 5312
5242 5313
5243 5314
5244 5315
5245 5316
5246 5317
5247 5318
5248 5319
5249 5320
5250 5321
5251 5322
5252 5323
5253 5324
5254 5325
5255 5326
5256 5327
5257 5328
5258 5329
5259 5330
5260 5331
5261 5332
5262 5333
5263 5334
5264 5335
5265 5336
5266 5337
5267 5338
5268 5339
5269 5340
5270 5341
5271 5342
5272 5343
5273 5344
5274 5345
5275 5346
5276 5347
5277 5348
5278 5349
5279 5350
5280 5351
5281 5352
5282 5353
5283 5354
5284 5355
5285 5356
5286 5357
5287 5358
5288 5359
5289 5360
5290 5361
5291 5362
5292 5363
5293 5364
5294 5365
5295 5366
5296 5367
5297 5368
5298 5369
5299 5370
5300 5371
5301 5372
5302 5373
5302 5374
5303 5375
5304 5376
5305 5377
5306 5378
5307 5379
5308 5380
5309 5381
5310 5382
5311 5383
5312 5384
5313 5385
5314 5386
5315 5387
5316 5388
5317 5389
5318 5390
5319 5391
5320 5392
5321 5393
5322 5394
5323 5395
5324 5396
5325 5397
5326 5398
5327 5399
5328 5400
5329 5401
5330 5402
5331 5403
5332 5404
5333 5405
5334 5406
5335 5407
5336 5408
5337 5409
5338 5410
5339 5411
5340 5412
5341 5413
5342 5414
5343 5415
5344 5416
5345 5417
5346 5418
5347 5419
5348 5420
5349 5421
5350 5422
5351 5423
5352 5424
5353 5425
5354 5426
5355 5427
5356 5428
5357 5429
5358 5430
5359 5431
5360 5432
5361 5433
5362 5434
5363 5435
5364 5436
5365 5437
5366 5438
5367 5439
5368 5440
5369 5441
5370 5442
5371 5443
5372 5444
5373 5445
5374 5446
5375 5447
5376 5448
5377 5449
5378 5450
5379 5451
5380 5452
5381 5453
5382 5454
5383 5455
5384 5456
5385 5457
5386 5458
5387 5459
5388 5460
5389 5461
5390 5462
5391 5463
5392 5464
5393 5465
5394 5466
5395 5467
5396 5468
5397 5469
5398 5470
5399 5471
5400 5472
5401 5473
5402 5474
5403 5475
5404 5476
5405 5477
5406 5478
5407 5479
5408 5480
5409 5481
5410 5482
5411 5483
5412 5484
5413 5485
5414 5486
5415 5487
5416 5488
5417 5489
5418 5490
5419 5491
5420 5492
5421 5493
5422 5494
5423 5495
5424 5496
5425 5497
5426 5498
5427 5499
5428 5500
5429 5501
5430 5502
5431 5503
5432 5504
5433 5505
5434 5506
5435 5507
5436 5508
5437 5509
5438 5510
5439 5511
5440 5512
5441 5513
5442 5514
5443 5515
5444 5516
5445 5517
5446 5518
5447 5519
5448 5520
5449 5521
5450 5522
5451 5523
5452 5524
5453 5525
5454 5526
5455 5527
5456 5528
5457 5529
5458 5530
5459 5531
5460 5532
5461 5533
5462 5534
5463 5535
5464 5536
5465 5537
5466 5538
5467 5539
5468 5540
5469 5541
5470 5542
5471 5543
5472 5544
5473 5545
5474 5546
5475 5547
5476 5548
5477 5549
5478 5550
5479 5551
5480 5552
5481 5553
5482 5554
5483 5555
5484 5556
5485 5557
5486 5558
5487 5559
5488 5560
5489 5561
5490 5562
5491 5563
5492 5564
5493 5565
5494 5566
5495 5567
5496 5568
5497 5569
5498 5570
5499 5571
5500 5572
5501 5573
5502 5574
5503 5575
5504 5576
5505 5577
5506 5578
5507 5579
5508 5580
5509 5581
5510 5582
5511 5583
5512 5584
5513 5585
5514 5586
5515 5587
5516 5588
5517 5589
5518 5590
5519 5591
5520 5592
5521 5593
5522 5594
5523 5595
5524 5596
5525 5597
5526 5598
5527 5599
5528 5600
5529 5601
5530 5602
5531 5603
5532 5604
5533 5605
5534 5606
5535 5607
5536 5608
5537 5609
5538 5610
5539 5611
5540 5612
5541 5613
5542 5614
5543 5615
5544 5616
5545 5617
5546 5618
5547 5619
5548 5620
5549 5621
